4    0    0    28.1441    1.96597
1    28.1441    1.96597    0.0272393    12.4274
1    0.0272393    12.4274    35.0871    83.2775
1    35.0871    83.2775    116.528    67.2084
1    116.528    67.2084    140.632    24.4792
1    140.632    24.4792    96.0766    12.4274
1    96.0766    12.4274    85.1889    31.7283
1    85.1889    31.7283    60.9656    0.0204402
1    60.9656    0.0204402    0.0272393    12.4274
1    0.0272393    12.4274    28.1441    1.96597
4    28.1441    1.96597    162.839    1.96597
1    162.839    1.96597    134.722    12.4274
1    134.722    12.4274    169.782    83.2775
1    169.782    83.2775    251.223    67.2084
1    251.223    67.2084    275.327    24.4792
1    275.327    24.4792    230.772    12.4274
1    230.772    12.4274    219.884    31.7283
1    219.884    31.7283    195.661    0.0204402
1    195.661    0.0204402    134.722    12.4274
1    134.722    12.4274    162.839    1.96597
4    162.839    1.96597    297.534    1.96597
1    297.534    1.96597    269.417    12.4274
1    269.417    12.4274    304.477    83.2775
1    304.477    83.2775    385.918    67.2084
1    385.918    67.2084    410.022    24.4792
1    410.022    24.4792    365.467    12.4274
1    365.467    12.4274    354.579    31.7283
1    354.579    31.7283    330.356    0.0204402
1    330.356    0.0204402    269.417    12.4274
1    269.417    12.4274    297.534    1.96597
4    297.534    1.96597    423.414    1.96388
1    423.414    1.96388    408.191    27.8148
1    408.191    27.8148    405.27    87.7087
1    405.27    87.7087    497.667    119.847
1    497.667    119.847    543.58    38.4558
1    543.58    38.4558    510.619    29.54
1    510.619    29.54    527.249    0.0590887
1    527.249    0.0590887    470.277    38.4558
1    470.277    38.4558    408.191    27.8148
1    408.191    27.8148    423.414    1.96388
4    423.414    1.96388    525.371    4.41521
1    525.371    4.41521    544.145    27.8148
1    544.145    27.8148    541.223    87.7087
1    541.223    87.7087    633.621    119.847
1    633.621    119.847    679.533    38.4558
1    679.533    38.4558    646.572    29.54
1    646.572    29.54    663.202    0.0590887
1    663.202    0.0590887    606.23    38.4558
1    606.23    38.4558    544.145    27.8148
1    544.145    27.8148    525.371    4.41521
4    525.371    4.41521    0    0
