4    0    0    19.1552    0.0484336
1    19.1552    0.0484336    30.9586    36.3756
1    30.9586    36.3756    0.0569371    58.827
1    0.0569371    58.827    38.2535    58.827
1    38.2535    58.827    50.0569    95.1541
1    50.0569    95.1541    61.8603    58.827
1    61.8603    58.827    100.057    58.827
1    100.057    58.827    69.1552    36.3756
1    69.1552    36.3756    80.9586    0.0484336
1    80.9586    0.0484336    50.0569    22.4998
1    50.0569    22.4998    19.1552    0.0484336
4    19.1552    0.0484336    0    0
